Difference on line 3
'Relevant documents: 3360 3109 2726 3334 4574 3725 3278 1650 819 595 4371 254 4540 2460 222
''Relevant documents: 3109 3334 2726 3725 3278 1650 595 819 4371 2460 222 254 4540 4574 3360 
'Length is the same.
Difference on line 20
'Relevant documents: 9 2057 2061 4111 2080 38 2130 4180 2141 100 2149 104 107 109 110 4208 4211 4217 124 4221 4250 170 4268 176 2224 2226 182 4278 4284 4285 4286 2241 194 208 4304 4309 215 2264 2282 2284 2285 2290 245 4344 2301 255 260 261 4358 263 2314 2315 2316 4375 4383 289 2338 4395 4396 320 4423 4426 332 337 338 4436 4439 4450 355 357 360 2409 2419 375 376 4471 382 4494 4498 406 408 412 4510 430 431 2480 446 4545 4547 453 462 2510 4559 4564 4565 4570 4571 4585 2538 492 4592 2557 513 518 4614 2573 2574 2577 4626 544 545 4642 547 548 2609 4669 577 578 2644 2646 2647 4696 4697 612 613 2665 2669 629 632 635 4734 2687 4764 2717 671 2724 680 4786 4787 2742 699 4807 4808 718 724 2773 4822 2780 737 4834 2790 2791 4844 2814 768 4866 4878 4891 2846 2854 811 4912 2866 834 4931 2887 2892 2908 4969 2930 886 903 5001 5011 2964 2966 927 937 2990 5049 5055 5058 3012 5071 3031 3034 5089 5090 5091 996 5093 998 5095 5098 1004 5103 5108 1017 1018 5115 3069 3070 5137 1043 5161 5168 1077 3138 1093 5192 3146 1112 3170 5219 5223 5226 1142 1146 3205 5265 5269 3229 1186 5283 3247 5298 5303 3275 1247 3298 5349 1254 1261 1262 3327 3328 5377 1282 5383 1290 1291 3339 5390 1309 3363 3374 1330 3378 3388 5438 3394 1349 1354 1361 3410 1369 1373 1375 1377 5485 3439 1394 1399 3463 3468 3471 1432 1448 3508 3529 1489 3542 3544 3568 1530 1542 3592 1546 1547 1560 3609 1569 1581 1582 1603 3657 3659 3660 3661 1621 3688 3692 3694 1653 3707 1679 3746 3751 3758 3760 3761 3768 3778 1772 1781 3829 1806 3865 3892 1871 3924 3934 3944 3956 1910 3969 3971 3993 4000 4011 4012 4013 4017 1975 1981 4046 4063 2020 2023 2028 2029 2030 4082 2036 2043
''Relevant documents: 513 1542 518 3592 9 1546 1547 2057 2061 2573 2574 4111 2577 4626 1043 5137 1560 3609 544 545 1569 547 548 2080 38 4642 2043 5161 1581 1582 5168 2609 1077 4669 2557 577 578 1603 3138 1093 5192 3657 3146 3659 3660 3661 2130 3070 2644 1621 2646 2647 1112 4180 4696 4697 2141 3170 5219 100 612 613 2149 104 2665 3688 107 3692 109 110 2669 3694 4208 5226 4211 629 1142 1653 632 4217 1146 3707 635 4221 124 2687 4734 3205 1679 5265 5269 4250 4764 2717 3229 671 1186 3746 2724 5223 5283 3751 680 170 4614 4268 3758 3247 176 2224 5298 2226 3760 3761 4786 182 2742 3768 4278 4787 699 4284 4285 4286 5303 2241 194 3778 4807 4808 3275 718 208 4304 724 2773 4309 215 2264 4822 2780 1247 737 3298 4834 5349 1254 2790 2791 2282 1772 1261 1262 2284 2285 4844 2290 245 1781 3829 4344 2301 2814 255 768 3327 1282 3328 260 261 4358 263 4866 5377 1290 1291 2314 2315 1806 2316 3339 4878 5390 4375 3865 4891 1309 2846 4383 289 2338 3363 2854 811 4395 4396 3374 4912 1330 2866 3378 3892 3388 5438 320 834 3394 4931 1349 2887 4423 1354 4426 332 2892 1871 337 338 1361 3410 3924 4436 4439 1369 2908 1373 3934 1375 1377 4450 355 357 360 2409 3944 4969 5485 3439 1394 2419 2930 3956 886 375 376 1399 1910 4471 382 3969 3971 903 3463 5001 3468 4494 3471 4498 5011 2964 406 2966 408 1432 3993 412 4510 927 4000 1448 937 4011 4012 4013 430 431 2480 2990 4017 3508 1975 5049 1981 446 5055 4545 5058 4547 3012 453 5383 3529 462 2510 4046 1489 4559 5071 4564 4565 3542 3031 3544 3034 4570 4571 4063 5089 5090 5091 996 2020 998 2023 5093 4585 5098 2538 5095 492 1004 2028 2029 2030 3568 4082 4592 2036 5103 5108 1017 1530 5115 3069 1018 
'Length is the same.
Difference on line 27
'408 73.22135
''1261 73.22135
'Length of a: 12
Length of b: 13
Difference on line 28
'1261 73.22135
''408 73.22135
'Length of a: 13
Length of b: 12
Difference on line 50
'170 78.90420
''2647 78.90420
'Length of a: 12
Length of b: 13
Difference on line 51
'2647 78.90420
''170 78.90420
'Length of a: 13
Length of b: 12
Difference on line 62
'4494 80.90256
''3378 80.90256
'Length is the same.
Difference on line 63
'3378 80.90256
''4494 80.90256
'Length is the same.
Difference on line 72
'3247 81.78679
''1653 81.78679
'Length is the same.
Difference on line 73
'1361 81.78679
''3247 81.78679
'Length is the same.
Difference on line 74
'1653 81.78679
''1361 81.78679
'Length is the same.
Difference on line 97
'2314 82.81924
''768 82.81924
'Length of a: 13
Length of b: 12
Difference on line 98
'768 82.81924
''2314 82.81924
'Length of a: 12
Length of b: 13
Difference on line 108
'360 83.23190
''4734 83.23190
'Length of a: 12
Length of b: 13
Difference on line 109
'4734 83.23190
''360 83.23190
'Length of a: 13
Length of b: 12
Difference on line 116
'578 83.41322
''1582 83.41322
'Length of a: 12
Length of b: 13
Difference on line 117
'1582 83.41322
''578 83.41322
'Length of a: 13
Length of b: 12
Difference on line 121
'4439 83.62063
''1806 83.62063
'Length is the same.
Difference on line 122
'1806 83.62063
''4439 83.62063
'Length is the same.
Difference on line 137
'4423 84.04801
''1679 84.04801
'Length is the same.
Difference on line 138
'1679 84.04801
''4423 84.04801
'Length is the same.
Difference on line 162
'2908 84.57797
''3688 84.57797
'Length is the same.
Difference on line 163
'3688 84.57797
''2908 84.57797
'Length is the same.
Difference on line 166
'412 84.64937
''2892 84.64937
'Length of a: 12
Length of b: 13
Difference on line 167
'2892 84.64937
''412 84.64937
'Length of a: 13
Length of b: 12
Difference on line 178
'3031 85.02558
''3993 85.02558
'Length is the same.
Difference on line 179
'3993 85.02558
''4017 85.02558
'Length is the same.
Difference on line 180
'4017 85.02558
''3031 85.02558
'Length is the same.
Difference on line 186
'255 85.16910
''3692 85.16910
'Length of a: 12
Length of b: 13
Difference on line 187
'3692 85.16910
''255 85.16910
'Length of a: 13
Length of b: 12
Difference on line 202
'2687 85.56188
''5168 85.56188
'Length is the same.
Difference on line 203
'5168 85.56188
''2687 85.56188
'Length is the same.
Difference on line 231
'4547 86.16032
''1432 86.16032
'Length is the same.
Difference on line 232
'1432 86.16032
''4547 86.16032
'Length is the same.
Difference on line 274
'462 86.78025
''4969 86.78025
'Length of a: 12
Length of b: 13
Difference on line 275
'4969 86.78025
''462 86.78025
'Length of a: 13
Length of b: 12
Difference on line 357
'Relevant documents: 2561 1042 3093 24 4643 5182 64 4164 4688 111 2676 1141 118 2678 2681 3706 121 1157 1162 2700 4241 3731 3220 3734 1176 1689 2726 2728 4782 5296 180 4278 4791 1725 2757 2763 2764 3277 4821 2776 1243 1772 3828 4853 761 262 3848 5385 5388 5397 790 3871 3367 1852 3901 1342 3908 4934 4935 5450 3917 2900 856 1905 3956 4471 3449 1925 5001 1955 4010 432 434 437 3006 3520 4544 4046 2007 5084 2015 2030 500
''Relevant documents: 2561 1925 1157 262 3848 5001 1162 5385 2700 5388 4241 1042 3731 3220 3093 790 3734 1176 1689 24 5397 3871 1955 4643 2726 3367 2728 4010 4782 432 5296 434 180 437 4278 4791 1852 1725 1342 3006 64 3520 3901 4544 3908 2757 3449 4164 4934 4935 5450 2763 2764 3277 3917 4046 4688 2900 4821 5182 2007 856 2776 1243 5084 121 2015 1772 2030 111 1905 761 500 1141 118 2676 2678 2681 3706 3828 3956 4471 4853 
'Length is the same.
Difference on line 365
'1243 76.06791
''1955 76.06791
'Length is the same.
Difference on line 366
'1955 76.06791
''1243 76.06791
'Length is the same.
Difference on line 370
'2681 77.69001
''790 77.69001
'Length of a: 13
Length of b: 12
Difference on line 371
'790 77.69001
''3871 77.69001
'Length of a: 12
Length of b: 13
Difference on line 372
'3871 77.69001
''3917 77.69001
'Length is the same.
Difference on line 373
'3917 77.69001
''856 77.69001
'Length of a: 13
Length of b: 12
Difference on line 374
'856 77.69001
''2681 77.69001
'Length of a: 12
Length of b: 13
Difference on line 389
'3277 83.18418
''434 83.18418
'Length of a: 13
Length of b: 12
Difference on line 390
'434 83.18418
''3277 83.18418
'Length of a: 12
Length of b: 13
Difference on line 400
'2763 84.82679
''3908 84.82679
'Length is the same.
Difference on line 401
'3908 84.82679
''2763 84.82679
'Length is the same.
Difference on line 518
'Relevant documents: 5001 1772 4046 2030 3956 4278 4471
''Relevant documents: 5001 1772 2030 4046 3956 4278 4471 
'Length is the same.
Difference on line 527
'Relevant documents: 2029 4293
''Relevant documents: 4293 2029 
'Length is the same.
Difference on line 531
'Relevant documents: 2048 2560 2 2050 4098 1018 2055 4616 1035 3085 1038 15 3598 2065 4113 3089 3616 2042 2595 2087 40 2089 1065 4139 3624 1070 3119 5166 2613 56 5177 5189 2121 1098 1610 5198 4687 595 4696 3673 90 1626 5219 3683 104 1642 1131 5229 1647 1139 628 120 4217 124 3712 5251 1157 4230 4742 3722 2188 1164 1681 2706 1172 152 4761 4250 2714 3227 4765 5275 1183 2208 2723 678 3751 3245 175 1712 2225 2226 4787 1203 181 695 3767 1214 3774 3778 4295 711 715 4820 1236 5334 5335 2264 2781 1247 3300 744 4330 747 4845 3311 4337 4342 758 2807 5368 2302 1278 2816 5382 4359 1291 5388 270 4367 2320 1806 1811 3349 4374 4886 1816 2841 4378 1821 5408 4898 1314 1315 5410 1319 3879 3880 1833 811 5420 1834 814 1836 304 1331 4405 2358 821 1848 829 832 4419 327 329 1358 337 5461 4442 1373 864 871 4971 2412 3439 4982 1918 2432 2434 3464 404 5013 406 919 3991 3481 3999 2978 2469 1960 3497 4523 4011 2998 3513 4027 5056 4545 3522 3525 967 4555 4044 462 3025 467 4563 4565 4566 4567 987 2019 3557 4070 2536 4585 3562 5100 3567 5105 4595 4083 5111 5113 3066 507 2556
''Relevant documents: 2 4098 2050 2055 4616 1035 3085 1038 15 3598 2065 4113 3089 2042 3616 2595 2087 40 2089 1065 4139 3624 1070 3119 5166 2613 56 5177 2048 5189 2121 1098 1610 5198 4687 595 4696 3673 90 1626 5219 3683 104 1642 1131 5229 1647 1139 628 120 4217 124 3712 5251 1157 4230 4742 3722 2188 1164 1681 2706 1172 152 4761 4250 2714 3227 4765 5275 1183 2208 2723 678 3751 3245 175 1712 2225 2226 4787 1203 181 695 3767 1214 3774 3778 4295 711 715 4820 1236 5334 5335 2264 2781 1247 3300 744 4330 747 4845 3311 4337 4342 758 2807 5368 2302 1278 2816 5382 4359 1291 5388 270 4367 2320 1806 1811 3349 4374 4886 1816 2841 4378 1821 5408 4898 1314 1315 5410 1319 3879 3880 1833 811 5420 1834 814 1836 304 1331 4405 2358 821 1848 829 832 4419 327 329 1358 337 5461 4442 1373 864 871 4971 2412 3439 4982 1918 2432 2434 3464 404 5013 406 919 3991 3481 3999 2978 2469 1960 3497 4523 4011 2998 3513 4027 5056 4545 3522 3525 967 4555 4044 462 3025 467 4563 4565 4566 4567 987 2019 3557 4070 2536 4585 3562 5100 3567 5105 4595 4083 5111 5113 3066 507 2556 1018 2560 
'Length is the same.
Difference on line 902
'Relevant documents: 2 1157 2841 3227 5410 1065 4139 811 4523 175 4787 1203 181 3513 4545 5189 3525 715 5198 4563 4820 4565 5334 4696 2264 1247 3683 104 4330 3562 2412 1647 4083 507 124 1918
''Relevant documents: 2 1157 2841 3227 5410 1065 4139 811 4523 175 4787 1203 181 3513 4545 5189 3525 715 5198 4563 4820 4565 5334 2264 4696 1247 3683 104 4330 3562 2412 1647 4083 507 124 1918 
'Length is the same.
Difference on line 940
'Relevant documents: 5219 2470 5383 3402 429 621 1499 4732 446
''Relevant documents: 5219 2470 5383 3402 621 429 1499 4732 446 
'Length is the same.
Difference on line 954
'Relevant documents: 318 5382 4328 810 782 206 3023 721 4284 1556 4918 825 5087 1468 1598 1599
''Relevant documents: 5382 4328 318 810 782 4284 206 3023 721 1556 4918 5087 825 1468 1598 1599 
'Length is the same.
Differences: 54